# BLASTP 2.17.0+
# Query: mystery
# RID: 5ECMPHYH014
# Database: nr
# Fields: query acc.ver, subject acc.ver, % identity, alignment length, mismatches, gap opens, q. start, q. end, s. start, s. end, evalue, bit score
# 500 hits found
mystery	KAG8140432.1	100.000	31	0	0	1	31	24	54	1.87e-12	65.5
mystery	CAL0272992.1	100.000	31	0	0	1	31	1	31	1.98e-12	65.1
mystery	KAI6079359.1	100.000	31	0	0	1	31	1	31	2.29e-12	66.2
mystery	PNI98727.1	100.000	31	0	0	1	31	1	31	2.72e-12	64.7
mystery	KXJ15379.1	100.000	31	0	0	1	31	1	31	2.89e-12	66.6
mystery	NP_001390175.1	100.000	31	0	0	1	31	1	31	2.90e-12	65.5
mystery	QDA95516.1	100.000	31	0	0	1	31	1	31	3.17e-12	65.1
mystery	CDQ73472.1	100.000	31	0	0	1	31	1	31	3.28e-12	64.7
mystery	CAA51689.1	100.000	31	0	0	1	31	1	31	3.34e-12	64.3
mystery	XP_082208429.1	100.000	31	0	0	1	31	1	31	3.38e-12	65.1
mystery	AAT72335.1	100.000	31	0	0	1	31	3	33	3.47e-12	64.3
mystery	KAI2564863.1	100.000	31	0	0	1	31	1	31	3.49e-12	65.1
mystery	ABD65538.1	100.000	31	0	0	1	31	6	36	3.50e-12	64.3
mystery	AAA36149.1	100.000	31	0	0	1	31	1	31	3.71e-12	63.9
mystery	CAP3567056.1	100.000	31	0	0	1	31	4	34	3.73e-12	64.3
mystery	QDA95519.1	100.000	31	0	0	1	31	1	31	3.86e-12	64.3
mystery	AAA36557.1	100.000	31	0	0	1	31	1	31	3.90e-12	63.9
mystery	CDQ94131.1	100.000	31	0	0	1	31	1	31	4.05e-12	64.7
mystery	KAB0386699.1	100.000	31	0	0	1	31	1	31	4.13e-12	64.3
mystery	AAM11556.1	100.000	31	0	0	1	31	1	31	4.14e-12	63.9
mystery	1905199A	100.000	31	0	0	1	31	1	31	4.39e-12	64.7
mystery	ASO66780.1	100.000	31	0	0	1	31	5	35	4.40e-12	63.9
mystery	XP_042315154.1	100.000	31	0	0	1	31	1	31	4.47e-12	66.6
mystery	UZZ87013.1	100.000	31	0	0	1	31	5	35	4.84e-12	63.9
mystery	KAF5912566.1	100.000	31	0	0	1	31	15	45	4.86e-12	63.9
mystery	ACI62841.1	100.000	31	0	0	1	31	1	31	5.01e-12	64.7
mystery	XP_026567590.1	100.000	31	0	0	1	31	1	31	5.27e-12	66.6
mystery	XP_026533253.1	100.000	31	0	0	1	31	1	31	5.27e-12	66.6
mystery	B25229	100.000	31	0	0	1	31	1	31	5.51e-12	64.7
mystery	XP_084661577.1	100.000	31	0	0	1	31	1	31	5.60e-12	66.6
mystery	AAC82784.1	100.000	31	0	0	1	31	1	31	5.69e-12	64.7
mystery	XP_034279167.1	100.000	31	0	0	1	31	1	31	5.71e-12	66.6
mystery	XP_016396535.1	100.000	31	0	0	1	31	1	31	5.75e-12	64.7
mystery	GCB65861.1	100.000	31	0	0	1	31	1	31	6.17e-12	65.5
mystery	XP_053119121.1	100.000	31	0	0	1	31	1	31	6.31e-12	66.6
mystery	AAA49427.1	100.000	31	0	0	1	31	1	31	6.46e-12	64.7
mystery	QDA95518.1	100.000	31	0	0	1	31	1	31	6.47e-12	64.3
mystery	XUU15800.1	100.000	31	0	0	1	31	1	31	6.48e-12	64.7
mystery	PC4098	100.000	31	0	0	1	31	1	31	6.62e-12	64.7
mystery	XUU15799.1	100.000	31	0	0	1	31	1	31	6.62e-12	64.7
mystery	ELK32071.1	100.000	31	0	0	1	31	1	31	6.79e-12	66.6
mystery	AAA49428.1	100.000	31	0	0	1	31	1	31	6.87e-12	64.7
mystery	XP_023371233.1	100.000	31	0	0	1	31	1	31	7.10e-12	66.6
mystery	XP_081826175.1	100.000	31	0	0	1	31	13	43	7.18e-12	66.6
mystery	CAN1975350.1	100.000	31	0	0	1	31	1	31	7.18e-12	66.6
mystery	KAL1765642.1	100.000	31	0	0	1	31	1	31	7.31e-12	65.1
mystery	NXD12980.1	100.000	31	0	0	1	31	1	31	7.32e-12	66.6
mystery	KAL0968399.1	100.000	31	0	0	1	31	1	31	7.39e-12	66.6
mystery	KAF4081250.1	100.000	31	0	0	1	31	1	31	7.45e-12	65.9
mystery	XP_084661576.1	100.000	31	0	0	1	31	17	47	7.59e-12	66.6
mystery	AAH11083.1	100.000	31	0	0	1	31	1	31	7.74e-12	65.5
mystery	XP_005401894.1	100.000	31	0	0	1	31	1	31	7.87e-12	66.6
mystery	XP_015417881.1	100.000	31	0	0	1	31	1	31	8.15e-12	66.6
mystery	AAA36556.1	100.000	31	0	0	1	31	1	31	8.20e-12	64.7
mystery	AAC60676.2	100.000	31	0	0	1	31	1	31	8.31e-12	64.7
mystery	RWS25831.1	100.000	31	0	0	1	31	1	31	8.45e-12	64.7
mystery	XP_078706196.1	100.000	31	0	0	1	31	1	31	8.45e-12	66.6
mystery	XP_030400970.1	100.000	31	0	0	1	31	1	31	8.45e-12	66.6
mystery	XP_039366103.1	100.000	31	0	0	1	31	1	31	8.45e-12	66.6
mystery	KAN6800420.1	100.000	31	0	0	1	31	1	31	8.45e-12	66.6
mystery	XP_074926827.1	100.000	31	0	0	1	31	1	31	8.45e-12	66.6
mystery	XP_065427170.1	100.000	31	0	0	1	31	1	31	8.45e-12	66.6
mystery	XP_074872395.1	100.000	31	0	0	1	31	1	31	8.45e-12	66.6
mystery	XP_050783710.1	100.000	31	0	0	1	31	1	31	8.45e-12	66.6
mystery	KAM9112896.1	100.000	31	0	0	1	31	1	31	8.45e-12	66.6
mystery	XP_067408405.1	100.000	31	0	0	1	31	1	31	8.45e-12	66.6
mystery	VCW97829.1	100.000	31	0	0	1	31	1	31	8.52e-12	64.7
mystery	XP_003737221.1	100.000	31	0	0	1	31	1	31	8.80e-12	65.1
mystery	XP_070295930.1	100.000	31	0	0	1	31	1	31	8.84e-12	66.6
mystery	XP_048119115.1	100.000	31	0	0	1	31	1	31	8.90e-12	66.6
mystery	NXF90997.1	100.000	31	0	0	1	31	1	31	9.02e-12	64.7
mystery	CAF5171029.1	96.774	31	1	0	1	31	1	31	9.03e-12	63.9
mystery	XP_081562307.1	100.000	31	0	0	1	31	1	31	9.06e-12	66.6
mystery	MGH0126798.1	100.000	31	0	0	1	31	1	31	9.12e-12	65.1
mystery	XP_065072343.1	100.000	31	0	0	1	31	1	31	9.21e-12	66.6
mystery	XP_064447563.1	100.000	31	0	0	1	31	1	31	9.21e-12	66.6
mystery	XP_079357178.1	100.000	31	0	0	1	31	1	31	9.37e-12	66.6
mystery	XP_084190448.1	100.000	31	0	0	1	31	1	31	9.37e-12	66.6
mystery	XP_016311191.1	100.000	31	0	0	1	31	1	31	9.45e-12	64.7
mystery	KAL1117803.1	100.000	31	0	0	1	31	1	31	9.46e-12	66.2
mystery	XP_064385588.1	100.000	31	0	0	1	31	1	31	9.57e-12	66.6
mystery	NP_001123916.1	100.000	31	0	0	1	31	1	31	9.57e-12	66.6
mystery	XP_008942176.1	100.000	31	0	0	1	31	1	31	9.76e-12	64.7
mystery	AAB50559.1	100.000	31	0	0	1	31	1	31	9.79e-12	64.7
mystery	KAK9507858.1	100.000	31	0	0	1	31	1	31	9.90e-12	66.2
mystery	KAJ7408653.1	100.000	31	0	0	1	31	1	31	1.01e-11	65.5
mystery	XP_075828839.1	100.000	31	0	0	1	31	1	31	1.04e-11	66.6
mystery	NXR29259.1	100.000	31	0	0	1	31	1	31	1.04e-11	65.5
mystery	XP_066522975.1	100.000	31	0	0	1	31	1	31	1.06e-11	65.9
mystery	CAA25624.1	100.000	31	0	0	1	31	1	31	1.06e-11	64.7
mystery	XP_018608109.1	100.000	31	0	0	1	31	1	31	1.06e-11	65.9
mystery	AAM11563.1	96.774	31	1	0	1	31	1	31	1.07e-11	62.8
mystery	NXP59269.1	100.000	31	0	0	1	31	1	31	1.08e-11	64.3
mystery	CAA42716.1	100.000	31	0	0	1	31	1	31	1.09e-11	64.7
mystery	AAA83021.1	100.000	31	0	0	1	31	1	31	1.10e-11	64.3
mystery	XP_009867639.1	100.000	31	0	0	1	31	1	31	1.11e-11	64.3
mystery	MIC5724363.1	100.000	31	0	0	1	31	1	31	1.11e-11	64.3
mystery	XP_029403733.1	100.000	31	0	0	1	31	1	31	1.11e-11	66.6
mystery	WEL12725.1	100.000	31	0	0	1	31	1	31	1.11e-11	66.6
mystery	XP_021501926.1	100.000	31	0	0	1	31	1	31	1.11e-11	66.6
mystery	NWX75336.1	100.000	31	0	0	1	31	1	31	1.11e-11	64.7
mystery	XP_004441110.1	100.000	31	0	0	1	31	1	31	1.12e-11	66.2
mystery	XP_028809828.1	100.000	31	0	0	1	31	1	31	1.14e-11	65.9
mystery	CAN2018894.1	100.000	31	0	0	1	31	1	31	1.14e-11	64.7
mystery	KAE8593836.1	100.000	31	0	0	1	31	1	31	1.14e-11	66.2
mystery	XP_040184537.1	100.000	31	0	0	1	31	1	31	1.14e-11	64.7
mystery	NWH48773.1	100.000	31	0	0	1	31	1	31	1.15e-11	64.3
mystery	KAE9526139.1	100.000	31	0	0	1	31	1	31	1.16e-11	66.2
mystery	KTF71599.1	100.000	31	0	0	1	31	1	31	1.16e-11	64.7
mystery	AAA36554.1	100.000	31	0	0	1	31	1	31	1.16e-11	64.3
mystery	AAD13953.1	96.774	31	1	0	1	31	1	31	1.18e-11	62.8
mystery	XP_048473346.1	100.000	31	0	0	1	31	1	31	1.19e-11	65.1
mystery	UJY53502.1	100.000	31	0	0	1	31	1	31	1.19e-11	64.7
mystery	XP_043569317.1	100.000	31	0	0	1	31	1	31	1.20e-11	66.6
mystery	CAA35240.1	100.000	31	0	0	1	31	1	31	1.20e-11	64.3
mystery	PIO12064.1	100.000	31	0	0	1	31	1	31	1.20e-11	64.7
mystery	KAM7396484.1	100.000	31	0	0	1	31	1	31	1.22e-11	66.2
mystery	TKS91802.1	100.000	31	0	0	1	31	1	31	1.22e-11	65.5
mystery	XP_057409565.1	100.000	31	0	0	1	31	1	31	1.22e-11	66.2
mystery	XP_016344096.1	100.000	31	0	0	1	31	1	31	1.25e-11	64.7
mystery	QDA95515.1	100.000	31	0	0	1	31	1	31	1.26e-11	64.3
mystery	XP_032895340.1	100.000	31	0	0	1	31	1	31	1.26e-11	66.2
mystery	KAM9321004.1	100.000	31	0	0	1	31	1	31	1.26e-11	66.2
mystery	XP_048217095.1	100.000	31	0	0	1	31	1	31	1.30e-11	66.2
mystery	KAK7891341.1	100.000	31	0	0	1	31	1	31	1.31e-11	65.1
mystery	VCW90904.1	100.000	31	0	0	1	31	1	31	1.31e-11	65.9
mystery	XP_025411681.1	100.000	31	0	0	1	31	1	31	1.32e-11	66.2
mystery	MIC4350246.1	100.000	31	0	0	1	31	1	31	1.32e-11	65.9
mystery	XP_068704240.1	100.000	31	0	0	1	31	1	31	1.33e-11	66.2
mystery	KAK4881395.1	100.000	31	0	0	1	31	1	31	1.33e-11	65.5
mystery	CAB1313693.1	100.000	31	0	0	1	31	1	31	1.33e-11	66.2
mystery	RXG74049.1	100.000	31	0	0	1	31	1	31	1.36e-11	66.2
mystery	XP_037694692.1	100.000	31	0	0	1	31	1	31	1.36e-11	65.9
mystery	XP_004695143.1	100.000	31	0	0	1	31	1	31	1.36e-11	65.9
mystery	XP_079270697.1	100.000	31	0	0	1	31	1	31	1.36e-11	65.9
mystery	XP_017899044.1	100.000	31	0	0	1	31	1	31	1.36e-11	65.9
mystery	XP_055156991.1	100.000	31	0	0	1	31	1	31	1.37e-11	66.2
mystery	XP_069760262.1	100.000	31	0	0	1	31	1	31	1.38e-11	65.1
mystery	KAM8814496.1	100.000	31	0	0	1	31	1	31	1.39e-11	65.9
mystery	KAN7322967.1	100.000	31	0	0	1	31	1	31	1.39e-11	65.9
mystery	KAG7505687.1	100.000	31	0	0	1	31	1	31	1.40e-11	65.5
mystery	GBP06571.1	100.000	31	0	0	1	31	1	31	1.41e-11	65.1
mystery	XP_040975948.1	100.000	31	0	0	1	31	1	31	1.42e-11	65.5
mystery	XP_085357431.1	100.000	31	0	0	1	31	1	31	1.43e-11	66.2
mystery	XP_053194303.1	100.000	31	0	0	1	31	1	31	1.43e-11	65.5
mystery	KAG8450856.1	100.000	31	0	0	1	31	1	31	1.45e-11	65.5
mystery	XP_042351351.1	100.000	31	0	0	1	31	1	31	1.45e-11	65.5
mystery	MGH0140121.1	100.000	31	0	0	1	31	1	31	1.46e-11	64.7
mystery	MED6273461.1	100.000	31	0	0	1	31	1	31	1.49e-11	65.9
mystery	EDM11989.1	100.000	31	0	0	1	31	1	31	1.50e-11	64.7
mystery	KAG7265512.1	100.000	31	0	0	1	31	1	31	1.50e-11	65.9
mystery	KAM7372160.1	100.000	31	0	0	1	31	1	31	1.51e-11	65.5
mystery	NWZ74232.1	100.000	31	0	0	1	31	1	31	1.51e-11	65.5
mystery	CAO2599457.1	100.000	31	0	0	1	31	1	31	1.52e-11	65.1
mystery	XP_037243564.1	100.000	31	0	0	1	31	1	31	1.52e-11	65.9
mystery	XP_062294304.1	100.000	31	0	0	1	31	1	31	1.53e-11	65.5
mystery	XP_055508794.1	100.000	31	0	0	1	31	1	31	1.55e-11	66.2
mystery	XP_071073977.1	100.000	31	0	0	1	31	1	31	1.55e-11	65.9
mystery	XP_067358235.1	100.000	31	0	0	1	31	1	31	1.57e-11	65.5
mystery	AKI70353.1	100.000	31	0	0	1	31	1	31	1.58e-11	65.9
mystery	XP_006877047.1	100.000	31	0	0	1	31	1	31	1.58e-11	65.9
mystery	CAR4112667.1	100.000	31	0	0	1	31	1	31	1.59e-11	66.2
mystery	XP_028399623.1	100.000	31	0	0	1	31	1	31	1.59e-11	66.2
mystery	CAO2583851.1	100.000	31	0	0	1	31	1	31	1.59e-11	65.5
mystery	KAK2101810.1	100.000	31	0	0	1	31	62	92	1.60e-11	65.5
mystery	XP_001625014.1	100.000	31	0	0	1	31	1	31	1.60e-11	66.2
mystery	XP_004278152.1	100.000	31	0	0	1	31	1	31	1.60e-11	65.9
mystery	KAN3575218.1	100.000	31	0	0	1	31	1	31	1.60e-11	65.9
mystery	CAL0273183.1	100.000	31	0	0	1	31	1	31	1.61e-11	65.5
mystery	XP_067143764.1	100.000	31	0	0	1	31	1	31	1.62e-11	66.2
mystery	XP_070532679.1	100.000	31	0	0	1	31	1	31	1.62e-11	66.2
mystery	KAN1061660.1	100.000	31	0	0	1	31	1	31	1.63e-11	65.5
mystery	KAN1060561.1	100.000	31	0	0	1	31	1	31	1.63e-11	65.5
mystery	XP_036151476.1	100.000	31	0	0	1	31	1	31	1.63e-11	65.9
mystery	UBF41787.1	96.774	31	1	0	1	31	1	31	1.65e-11	62.4
mystery	XP_049930336.1	100.000	31	0	0	1	31	1	31	1.65e-11	65.5
mystery	XP_080095900.1	100.000	31	0	0	1	31	1	31	1.65e-11	66.2
mystery	KAF5905549.1	100.000	31	0	0	1	31	1	31	1.65e-11	65.5
mystery	CAO2607166.1	100.000	31	0	0	1	31	1	31	1.65e-11	65.1
mystery	KAL7868152.1	100.000	31	0	0	1	31	1	31	1.66e-11	66.2
mystery	XP_054580893.1	100.000	31	0	0	1	31	1	31	1.68e-11	65.9
mystery	KAJ1066187.1	100.000	31	0	0	1	31	2	32	1.68e-11	65.5
mystery	KAL6474098.1	100.000	31	0	0	1	31	1	31	1.70e-11	65.9
mystery	WVW90657.1	96.774	31	1	0	1	31	1	31	1.70e-11	62.4
mystery	XP_039366106.1	100.000	31	0	0	1	31	1	31	1.72e-11	65.5
mystery	XP_054242726.1	100.000	31	0	0	1	31	1	31	1.72e-11	65.9
mystery	KAK7602609.1	100.000	31	0	0	1	31	1	31	1.73e-11	65.9
mystery	NP_001273999.1	100.000	31	0	0	1	31	1	31	1.74e-11	65.9
mystery	XP_048298194.1	100.000	31	0	0	1	31	1	31	1.75e-11	65.5
mystery	MEE6477453.1	100.000	31	0	0	1	31	1	31	1.75e-11	65.5
mystery	XP_059843688.1	100.000	31	0	0	1	31	1	31	1.76e-11	65.9
mystery	XP_084763229.1	100.000	31	0	0	1	31	1	31	1.76e-11	65.9
mystery	KAL5479534.1	100.000	31	0	0	1	31	1	31	1.76e-11	65.9
mystery	XP_063757095.1	100.000	31	0	0	1	31	1	31	1.77e-11	65.5
mystery	MEQ2220372.1	100.000	31	0	0	1	31	1	31	1.78e-11	65.5
mystery	CAH1977414.1	100.000	31	0	0	1	31	1	31	1.79e-11	65.1
mystery	KAK2081147.1	100.000	31	0	0	1	31	1	31	1.79e-11	65.9
mystery	XP_024911977.1	100.000	31	0	0	1	31	1	31	1.79e-11	65.1
mystery	KAF5903903.1	100.000	31	0	0	1	31	1	31	1.80e-11	65.1
mystery	XP_045872045.1	100.000	31	0	0	1	31	1	31	1.80e-11	65.5
mystery	GAA6078191.1	100.000	31	0	0	1	31	1	31	1.81e-11	65.5
mystery	KAL7858390.1	100.000	31	0	0	1	31	1	31	1.81e-11	65.9
mystery	XP_076069832.1	100.000	31	0	0	1	31	1	31	1.81e-11	65.9
mystery	XP_079644339.1	100.000	31	0	0	1	31	1	31	1.81e-11	65.5
mystery	AAK56963.1	96.774	31	1	0	1	31	1	31	1.82e-11	62.4
mystery	XP_030741544.1	100.000	31	0	0	1	31	1	31	1.82e-11	65.5
mystery	XP_040111410.1	100.000	31	0	0	1	31	1	31	1.82e-11	65.5
mystery	CAG9566320.1	100.000	31	0	0	1	31	1	31	1.84e-11	65.1
mystery	XP_018620055.1	100.000	31	0	0	1	31	1	31	1.84e-11	65.9
mystery	XP_028809827.1	100.000	31	0	0	1	31	1	31	1.84e-11	65.9
mystery	XP_043915116.1	100.000	31	0	0	1	31	1	31	1.84e-11	65.1
mystery	EGV97861.1	100.000	31	0	0	1	31	1	31	1.84e-11	65.5
mystery	KAM8891866.1	100.000	31	0	0	1	31	1	31	1.85e-11	65.5
mystery	NXY45811.1	100.000	31	0	0	1	31	1	31	1.85e-11	65.9
mystery	XP_012496420.1	100.000	31	0	0	1	31	1	31	1.85e-11	65.1
mystery	XP_046763604.1	100.000	31	0	0	1	31	1	31	1.85e-11	65.1
mystery	XP_051001587.1	100.000	31	0	0	1	31	1	31	1.85e-11	65.5
mystery	XP_052517812.1	100.000	31	0	0	1	31	1	31	1.86e-11	65.5
mystery	AKI70352.1	100.000	31	0	0	1	31	1	31	1.86e-11	65.5
mystery	CAD7400177.1	100.000	31	0	0	1	31	1	31	1.86e-11	65.5
mystery	KAN0995743.1	100.000	31	0	0	1	31	1	31	1.87e-11	65.5
mystery	XP_067953392.1	100.000	31	0	0	1	31	1	31	1.87e-11	65.9
mystery	XP_054037020.1	100.000	31	0	0	1	31	1	31	1.88e-11	65.5
mystery	XP_058924912.1	100.000	31	0	0	1	31	1	31	1.88e-11	65.5
mystery	XP_059960338.1	100.000	31	0	0	1	31	1	31	1.88e-11	65.5
mystery	NP_789765.1	100.000	31	0	0	1	31	1	31	1.88e-11	65.5
mystery	XP_029770877.1	100.000	31	0	0	1	31	1	31	1.88e-11	65.5
mystery	XP_055271103.1	100.000	31	0	0	1	31	1	31	1.88e-11	65.5
mystery	XP_081392276.1	100.000	31	0	0	1	31	1	31	1.88e-11	65.5
mystery	KAL2805559.1	100.000	31	0	0	1	31	1	31	1.88e-11	65.5
mystery	NWS44095.1	100.000	31	0	0	1	31	1	31	1.88e-11	65.9
mystery	XP_025257003.1	100.000	31	0	0	1	31	1	31	1.89e-11	65.5
mystery	CAL0251815.1	100.000	31	0	0	1	31	1	31	1.89e-11	65.1
mystery	KAL7985403.1	100.000	31	0	0	1	31	1	31	1.89e-11	65.5
mystery	XP_076861721.1	100.000	31	0	0	1	31	1	31	1.91e-11	65.5
mystery	XP_030070378.1	100.000	31	0	0	1	31	1	31	1.91e-11	65.1
mystery	XP_047404320.1	100.000	31	0	0	1	31	1	31	1.91e-11	65.5
mystery	XP_072348630.1	100.000	31	0	0	1	31	1	31	1.92e-11	65.5
mystery	9PU8_A	100.000	31	0	0	1	31	2	32	1.92e-11	65.5
mystery	XP_025922636.1	100.000	31	0	0	1	31	1	31	1.94e-11	65.1
mystery	9GLW_A	100.000	31	0	0	1	31	3	33	1.94e-11	65.5
mystery	XP_023510506.1	100.000	31	0	0	1	31	1	31	1.95e-11	65.5
mystery	XP_011788593.1	100.000	31	0	0	1	31	34	64	1.95e-11	65.5
mystery	XP_020898624.1	100.000	31	0	0	1	31	1	31	1.96e-11	65.9
mystery	2CE2_X	100.000	31	0	0	1	31	1	31	1.96e-11	65.5
mystery	XP_072322247.1	100.000	31	0	0	1	31	1	31	1.97e-11	65.1
mystery	1XJ0_A	100.000	31	0	0	1	31	1	31	1.98e-11	65.5
mystery	CAD7662354.1	100.000	31	0	0	1	31	9	39	1.99e-11	65.5
mystery	XP_016325082.1	100.000	31	0	0	1	31	1	31	2.00e-11	65.5
mystery	XP_046893518.1	100.000	31	0	0	1	31	1	31	2.00e-11	65.5
mystery	AHY86282.1	100.000	31	0	0	1	31	1	31	2.01e-11	65.1
mystery	XP_009571372.1	100.000	31	0	0	1	31	1	31	2.02e-11	64.7
mystery	1XCM_A	100.000	31	0	0	1	31	1	31	2.02e-11	65.5
mystery	EPQ16351.1	100.000	31	0	0	1	31	1	31	2.03e-11	65.1
mystery	9BG9_A	100.000	31	0	0	1	31	2	32	2.03e-11	65.5
mystery	XP_024911976.1	100.000	31	0	0	1	31	1	31	2.03e-11	65.1
mystery	CAB4018021.1	100.000	31	0	0	1	31	1	31	2.04e-11	65.9
mystery	XP_046860537.1	100.000	31	0	0	1	31	1	31	2.04e-11	65.9
mystery	XP_036876316.1	100.000	31	0	0	1	31	1	31	2.05e-11	65.5
mystery	ELV12617.1	100.000	31	0	0	1	31	1	31	2.05e-11	65.9
mystery	5WDP_A	100.000	31	0	0	1	31	1	31	2.05e-11	65.5
mystery	2CLD_X	100.000	31	0	0	1	31	1	31	2.05e-11	65.5
mystery	CAR4096871.1	100.000	31	0	0	1	31	1	31	2.06e-11	65.1
mystery	XP_012880553.1	100.000	31	0	0	1	31	1	31	2.06e-11	65.5
mystery	KAN7623790.1	100.000	31	0	0	1	31	1	31	2.07e-11	65.5
mystery	XP_040450106.1	100.000	31	0	0	1	31	1	31	2.08e-11	65.5
mystery	XP_067914969.1	100.000	31	0	0	1	31	1	31	2.08e-11	65.9
mystery	XP_064888430.1	100.000	31	0	0	1	31	1	31	2.10e-11	65.5
mystery	XP_072336682.1	100.000	31	0	0	1	31	1	31	2.10e-11	65.1
mystery	XP_010187734.1	100.000	31	0	0	1	31	1	31	2.10e-11	65.1
mystery	7L0F_A	100.000	31	0	0	1	31	2	32	2.11e-11	65.5
mystery	XP_055050250.1	100.000	31	0	0	1	31	1	31	2.11e-11	65.9
mystery	XP_036731710.1	100.000	31	0	0	1	31	1	31	2.11e-11	65.5
mystery	4XVQ_A	100.000	31	0	0	1	31	1	31	2.12e-11	65.5
mystery	XP_029436565.1	100.000	31	0	0	1	31	1	31	2.12e-11	65.9
mystery	XP_029377909.1	100.000	31	0	0	1	31	1	31	2.13e-11	65.5
mystery	NP_001229276.1	100.000	31	0	0	1	31	1	31	2.14e-11	65.5
mystery	XP_020938213.1	100.000	31	0	0	1	31	1	31	2.14e-11	65.5
mystery	XP_069326515.1	100.000	31	0	0	1	31	1	31	2.14e-11	65.5
mystery	1NVV_Q	100.000	31	0	0	1	31	1	31	2.14e-11	65.5
mystery	2RGD_A	100.000	31	0	0	1	31	1	31	2.16e-11	65.5
mystery	KAE8622864.1	100.000	31	0	0	1	31	1	31	2.17e-11	65.1
mystery	9PUL_A	100.000	31	0	0	1	31	3	33	2.17e-11	65.5
mystery	XP_065129209.1	100.000	31	0	0	1	31	1	31	2.18e-11	65.9
mystery	121P_A	100.000	31	0	0	1	31	1	31	2.19e-11	65.5
mystery	XP_051898934.1	100.000	31	0	0	1	31	1	31	2.19e-11	65.5
mystery	XP_028671431.1	100.000	31	0	0	1	31	1	31	2.20e-11	65.9
mystery	XP_079223055.1	100.000	31	0	0	1	31	1	31	2.21e-11	65.9
mystery	XP_035511102.1	100.000	31	0	0	1	31	1	31	2.21e-11	65.9
mystery	XP_056607982.1	100.000	31	0	0	1	31	1	31	2.21e-11	65.9
mystery	XP_005807049.1	100.000	31	0	0	1	31	1	31	2.21e-11	65.9
mystery	2RGC_A	100.000	31	0	0	1	31	1	31	2.21e-11	65.5
mystery	KAJ7329264.1	100.000	31	0	0	1	31	22	52	2.21e-11	65.1
mystery	1AA9_A	100.000	31	0	0	1	31	1	31	2.22e-11	65.5
mystery	7VV8_A	100.000	31	0	0	1	31	2	32	2.23e-11	65.5
mystery	XP_082186503.1	100.000	31	0	0	1	31	1	31	2.23e-11	65.1
mystery	XP_042351350.1	100.000	31	0	0	1	31	1	31	2.23e-11	65.9
mystery	XP_071330115.1	100.000	31	0	0	1	31	1	31	2.23e-11	65.9
mystery	7VV9_A	100.000	31	0	0	1	31	1	31	2.23e-11	65.5
mystery	XP_061016380.1	100.000	31	0	0	1	31	1	31	2.23e-11	65.5
mystery	3V4F_A	100.000	31	0	0	1	31	1	31	2.23e-11	65.5
mystery	7JIF_A	100.000	31	0	0	1	31	1	31	2.23e-11	65.5
mystery	2RGB_A	100.000	31	0	0	1	31	1	31	2.23e-11	65.5
mystery	9Z5W_A	100.000	31	0	0	1	31	4	34	2.24e-11	65.5
mystery	XP_040917602.1	100.000	31	0	0	1	31	1	31	2.25e-11	65.9
mystery	XP_032443464.1	100.000	31	0	0	1	31	1	31	2.25e-11	65.9
mystery	XP_019665745.1	100.000	31	0	0	1	31	1	31	2.26e-11	65.5
mystery	9BG3_A	100.000	31	0	0	1	31	2	32	2.26e-11	65.5
mystery	2RGA_A	100.000	31	0	0	1	31	1	31	2.26e-11	65.5
mystery	XP_013371919.1	100.000	31	0	0	1	31	1	31	2.26e-11	65.5
mystery	4XVR_A	100.000	31	0	0	1	31	1	31	2.26e-11	65.5
mystery	1IAQ_A	100.000	31	0	0	1	31	1	31	2.26e-11	65.5
mystery	7OGD_A	100.000	31	0	0	1	31	1	31	2.26e-11	65.5
mystery	3K9L_A	100.000	31	0	0	1	31	1	31	2.26e-11	65.5
mystery	XP_079270696.1	100.000	31	0	0	1	31	1	31	2.26e-11	65.5
mystery	XP_004071559.1	100.000	31	0	0	1	31	1	31	2.26e-11	65.9
mystery	EFN88166.1	100.000	31	0	0	1	31	1	31	2.27e-11	65.1
mystery	KAM6965826.1	100.000	31	0	0	1	31	1	31	2.28e-11	65.9
mystery	9BGD_A	100.000	31	0	0	1	31	2	32	2.28e-11	65.5
mystery	5UHV_A	100.000	31	0	0	1	31	1	31	2.28e-11	65.5
mystery	XP_064816412.1	100.000	31	0	0	1	31	1	31	2.29e-11	65.1
mystery	9BAI_B	100.000	31	0	0	1	31	1	31	2.29e-11	65.5
mystery	3I3S_R	100.000	31	0	0	1	31	1	31	2.31e-11	65.5
mystery	221P_A	100.000	31	0	0	1	31	1	31	2.31e-11	65.5
mystery	8CNN_A	100.000	31	0	0	1	31	1	31	2.31e-11	65.5
mystery	XP_024127961.1	100.000	31	0	0	1	31	1	31	2.31e-11	65.9
mystery	CAL1278529.1	100.000	31	0	0	1	31	1	31	2.32e-11	65.5
mystery	XP_078047768.1	100.000	31	0	0	1	31	1	31	2.33e-11	65.1
mystery	9BG0_A	100.000	31	0	0	1	31	2	32	2.33e-11	65.5
mystery	7JIH_A	100.000	31	0	0	1	31	1	31	2.33e-11	65.5
mystery	7JHP_A	100.000	31	0	0	1	31	1	31	2.33e-11	65.5
mystery	XP_068209053.1	100.000	31	0	0	1	31	1	31	2.34e-11	65.9
mystery	XP_065379987.1	100.000	31	0	0	1	31	1	31	2.34e-11	65.1
mystery	5E95_A	100.000	31	0	0	1	31	3	33	2.34e-11	65.5
mystery	MED6258519.1	100.000	31	0	0	1	31	1	31	2.34e-11	65.5
mystery	XP_063759705.1	100.000	31	0	0	1	31	1	31	2.35e-11	65.9
mystery	XP_058625945.1	100.000	31	0	0	1	31	1	31	2.35e-11	65.9
mystery	XP_041934771.1	100.000	31	0	0	1	31	1	31	2.35e-11	65.9
mystery	XP_019961498.1	100.000	31	0	0	1	31	1	31	2.35e-11	65.9
mystery	XP_076224889.1	100.000	31	0	0	1	31	1	31	2.35e-11	65.1
mystery	CAN1974572.1	100.000	31	0	0	1	31	1	31	2.35e-11	65.1
mystery	8FG3_A	100.000	31	0	0	1	31	1	31	2.36e-11	65.1
mystery	6ZIZ_A	100.000	31	0	0	1	31	2	32	2.36e-11	65.5
mystery	7LZ5_A	100.000	31	0	0	1	31	1	31	2.36e-11	65.5
mystery	9BAI_A	100.000	31	0	0	1	31	1	31	2.36e-11	65.5
mystery	8T71_B	100.000	31	0	0	1	31	2	32	2.37e-11	65.5
mystery	XP_028815176.1	100.000	31	0	0	1	31	1	31	2.37e-11	65.9
mystery	XP_017542224.1	100.000	31	0	0	1	31	1	31	2.38e-11	65.9
mystery	AAM11562.1	96.774	31	1	0	1	31	1	31	2.38e-11	62.0
mystery	10DC_A	100.000	31	0	0	1	31	1	31	2.38e-11	65.1
mystery	8TBI_A	100.000	31	0	0	1	31	2	32	2.38e-11	65.5
mystery	XP_043605104.1	100.000	31	0	0	1	31	1	31	2.38e-11	65.1
mystery	9BAJ_B	100.000	31	0	0	1	31	1	31	2.39e-11	65.5
mystery	KAN7879367.1	100.000	31	0	0	1	31	1	31	2.40e-11	65.1
mystery	4NYI_Q	100.000	31	0	0	1	31	2	32	2.40e-11	65.1
mystery	KFP39229.1	100.000	31	0	0	1	31	1	31	2.40e-11	65.1
mystery	XP_007256345.1	100.000	31	0	0	1	31	1	31	2.40e-11	65.9
mystery	XP_072336681.1	100.000	31	0	0	1	31	1	31	2.40e-11	65.1
mystery	KAM9221735.1	100.000	31	0	0	1	31	1	31	2.40e-11	65.5
mystery	XP_032496234.1	100.000	31	0	0	1	31	1	31	2.40e-11	65.5
mystery	XP_075401248.1	100.000	31	0	0	1	31	1	31	2.40e-11	65.5
mystery	XP_045414456.1	100.000	31	0	0	1	31	1	31	2.40e-11	65.5
mystery	AKI70354.1	100.000	31	0	0	1	31	1	31	2.40e-11	65.5
mystery	XP_036895087.1	100.000	31	0	0	1	31	1	31	2.40e-11	65.5
mystery	XP_018891922.1	100.000	31	0	0	1	31	1	31	2.40e-11	65.5
mystery	1ZVQ_A	100.000	31	0	0	1	31	1	31	2.41e-11	65.1
mystery	621P_A	100.000	31	0	0	1	31	1	31	2.41e-11	65.1
mystery	1ZW6_A	100.000	31	0	0	1	31	1	31	2.41e-11	65.1
mystery	XP_054432763.1	100.000	31	0	0	1	31	1	31	2.42e-11	65.5
mystery	KAN3510616.1	100.000	31	0	0	1	31	1	31	2.43e-11	65.1
mystery	XKL68064.1	100.000	31	0	0	1	31	1	31	2.43e-11	65.5
mystery	XP_050735310.1	100.000	31	0	0	1	31	1	31	2.43e-11	65.5
mystery	XP_063072948.1	100.000	31	0	0	1	31	1	31	2.43e-11	65.5
mystery	ELK13164.1	100.000	31	0	0	1	31	1	31	2.43e-11	65.5
mystery	XP_055462767.1	100.000	31	0	0	1	31	1	31	2.43e-11	65.5
mystery	XP_037373217.1	100.000	31	0	0	1	31	1	31	2.43e-11	65.5
mystery	XP_038166332.1	100.000	31	0	0	1	31	1	31	2.43e-11	65.5
mystery	XP_044775145.1	100.000	31	0	0	1	31	1	31	2.43e-11	65.5
mystery	XP_036136983.1	100.000	31	0	0	1	31	1	31	2.43e-11	65.5
mystery	2X1V_A	100.000	31	0	0	1	31	1	31	2.43e-11	65.1
mystery	XP_025933077.1	100.000	31	0	0	1	31	1	31	2.45e-11	65.5
mystery	6BVI_A	100.000	31	0	0	1	31	2	32	2.45e-11	65.1
mystery	XP_029293758.1	100.000	31	0	0	1	31	1	31	2.45e-11	65.5
mystery	XP_072014544.1	100.000	31	0	0	1	31	1	31	2.45e-11	65.5
mystery	XP_084294750.1	100.000	31	0	0	1	31	1	31	2.45e-11	65.5
mystery	XP_030649037.1	100.000	31	0	0	1	31	1	31	2.45e-11	65.5
mystery	6MTA_A	100.000	31	0	0	1	31	1	31	2.46e-11	65.5
mystery	XP_069797596.1	100.000	31	0	0	1	31	1	31	2.47e-11	65.5
mystery	9G0Y_A	100.000	31	0	0	1	31	4	34	2.47e-11	65.5
mystery	XP_018595051.1	100.000	31	0	0	1	31	1	31	2.47e-11	65.5
mystery	XP_043782800.1	100.000	31	0	0	1	31	1	31	2.48e-11	65.1
mystery	KAI4873620.1	100.000	31	0	0	1	31	1	31	2.48e-11	65.5
mystery	XP_066497914.1	100.000	31	0	0	1	31	1	31	2.48e-11	65.5
mystery	AAA52693.1	100.000	30	0	0	1	30	1	30	2.48e-11	62.0
mystery	5VQ1_A	100.000	31	0	0	1	31	2	32	2.48e-11	65.5
mystery	5UFE_A	100.000	31	0	0	1	31	1	31	2.49e-11	65.1
mystery	XP_033102378.1	100.000	31	0	0	1	31	1	31	2.49e-11	65.5
mystery	XP_080707108.1	100.000	31	0	0	1	31	1	31	2.50e-11	65.5
mystery	XP_012679972.1	100.000	31	0	0	1	31	1	31	2.50e-11	65.5
mystery	XP_054632968.1	100.000	31	0	0	1	31	1	31	2.50e-11	65.5
mystery	XP_058625943.1	100.000	31	0	0	1	31	1	31	2.50e-11	65.5
mystery	XP_062874550.1	100.000	31	0	0	1	31	1	31	2.50e-11	65.5
mystery	XP_060101915.1	100.000	31	0	0	1	31	1	31	2.51e-11	65.5
mystery	XP_051995163.1	100.000	31	0	0	1	31	1	31	2.51e-11	65.5
mystery	36OL_A	100.000	31	0	0	1	31	2	32	2.51e-11	65.5
mystery	6ZIO_A	100.000	31	0	0	1	31	2	32	2.51e-11	65.5
mystery	A54321	100.000	31	0	0	1	31	1	31	2.52e-11	65.5
mystery	KMQ90796.1	100.000	31	0	0	1	31	1	31	2.52e-11	65.1
mystery	8EER_A	100.000	31	0	0	1	31	1	31	2.53e-11	65.5
mystery	CAL0270762.1	100.000	31	0	0	1	31	1	31	2.53e-11	65.1
mystery	XP_014864656.1	100.000	31	0	0	1	31	1	31	2.53e-11	65.5
mystery	XP_007562916.1	100.000	31	0	0	1	31	1	31	2.53e-11	65.5
mystery	XP_078562286.1	100.000	31	0	0	1	31	1	31	2.53e-11	65.5
mystery	5VQ2_A	100.000	31	0	0	1	31	2	32	2.54e-11	65.1
mystery	1LF0_A	100.000	31	0	0	1	31	1	31	2.54e-11	65.1
mystery	KAF5903260.1	100.000	31	0	0	1	31	16	46	2.55e-11	65.1
mystery	XP_006897280.1	100.000	31	0	0	1	31	1	31	2.55e-11	65.5
mystery	XP_059809890.1	100.000	31	0	0	1	31	1	31	2.55e-11	65.5
mystery	XP_069765348.1	100.000	31	0	0	1	31	1	31	2.55e-11	65.5
mystery	XP_058264162.1	100.000	31	0	0	1	31	1	31	2.56e-11	65.5
mystery	8EIE_A	100.000	31	0	0	1	31	1	31	2.56e-11	65.5
mystery	4NYI_R	100.000	31	0	0	1	31	2	32	2.56e-11	65.1
mystery	XP_080304101.1	100.000	31	0	0	1	31	1	31	2.56e-11	65.5
mystery	XP_003909368.1	100.000	31	0	0	1	31	1	31	2.56e-11	65.1
mystery	8STM_A	100.000	31	0	0	1	31	2	32	2.56e-11	65.1
mystery	XP_041033493.1	100.000	31	0	0	1	31	1	31	2.57e-11	65.5
mystery	XP_076620574.1	100.000	31	0	0	1	31	1	31	2.57e-11	65.1
mystery	XP_076341667.1	100.000	31	0	0	1	31	1	31	2.57e-11	65.5
mystery	KAK2503827.1	100.000	31	0	0	1	31	1	31	2.57e-11	65.5
mystery	XP_007907220.1	100.000	31	0	0	1	31	1	31	2.58e-11	65.5
mystery	XP_067860797.1	100.000	31	0	0	1	31	1	31	2.58e-11	65.5
mystery	XP_016141069.1	100.000	31	0	0	1	31	1	31	2.58e-11	65.5
mystery	6O36_A	100.000	31	0	0	1	31	1	31	2.58e-11	65.1
mystery	9PU1_A	100.000	31	0	0	1	31	3	33	2.58e-11	65.1
mystery	9BGB_A	100.000	31	0	0	1	31	2	32	2.59e-11	65.1
mystery	KAM8926968.1	100.000	31	0	0	1	31	1	31	2.60e-11	65.5
mystery	B4KB60.1	100.000	31	0	0	1	31	1	31	2.60e-11	65.5
mystery	XP_077196364.1	100.000	31	0	0	1	31	22	52	2.60e-11	65.5
mystery	XP_040201349.1	100.000	31	0	0	1	31	1	31	2.60e-11	65.5
mystery	XP_079267625.1	100.000	31	0	0	1	31	1	31	2.60e-11	65.5
mystery	XP_075998078.1	100.000	31	0	0	1	31	1	31	2.60e-11	65.5
mystery	6ASA_A	100.000	31	0	0	1	31	1	31	2.61e-11	65.1
mystery	KXJ81900.1	100.000	31	0	0	1	31	1	31	2.61e-11	64.7
mystery	6BVJ_A	100.000	31	0	0	1	31	2	32	2.62e-11	65.1
mystery	5VBM_A	100.000	31	0	0	1	31	2	32	2.62e-11	65.1
mystery	6AXG_B	100.000	31	0	0	1	31	5	35	2.62e-11	65.1
mystery	XP_050956138.1	100.000	31	0	0	1	31	1	31	2.63e-11	65.5
mystery	XP_083772802.1	100.000	31	0	0	1	31	1	31	2.63e-11	65.5
mystery	XP_035645620.1	100.000	31	0	0	1	31	1	31	2.63e-11	65.5
mystery	5VBE_A	100.000	31	0	0	1	31	6	36	2.64e-11	65.1
mystery	XP_016075130.1	100.000	31	0	0	1	31	1	31	2.64e-11	65.1
mystery	BAE72912.1	100.000	31	0	0	1	31	1	31	2.65e-11	65.5
mystery	4EPT_A	100.000	31	0	0	1	31	2	32	2.65e-11	65.1
mystery	XP_054242725.1	100.000	31	0	0	1	31	1	31	2.66e-11	65.5
mystery	XP_033807360.1	100.000	31	0	0	1	31	1	31	2.66e-11	65.5
mystery	7Q9U_AAA	100.000	31	0	0	1	31	1	31	2.67e-11	65.5
mystery	AAA35687.1	96.774	31	1	0	1	31	1	31	2.67e-11	62.0
mystery	XXQ18161.1	96.774	31	1	0	1	31	1	31	2.67e-11	62.0
mystery	6AMB_A	100.000	31	0	0	1	31	3	33	2.68e-11	65.1
mystery	XP_015603659.1	100.000	31	0	0	1	31	1	31	2.68e-11	65.1
mystery	6MNX_A	100.000	31	0	0	1	31	1	31	2.68e-11	65.1
mystery	6MS9_A	100.000	31	0	0	1	31	1	31	2.68e-11	65.1
mystery	RWS07440.1	100.000	31	0	0	1	31	1	31	2.69e-11	65.5
mystery	XP_021429580.1	100.000	31	0	0	1	31	1	31	2.69e-11	65.5
mystery	XP_063164982.1	100.000	31	0	0	1	31	1	31	2.69e-11	65.5
mystery	XP_044283846.1	100.000	31	0	0	1	31	1	31	2.69e-11	65.5
mystery	NP_001248441.1	100.000	31	0	0	1	31	1	31	2.69e-11	65.5
mystery	XP_033824451.1	100.000	31	0	0	1	31	1	31	2.69e-11	65.5
mystery	P05774.1	100.000	31	0	0	1	31	1	31	2.69e-11	65.5
mystery	6KYH_E	100.000	31	0	0	1	31	5	35	2.70e-11	65.1
mystery	XP_076676412.1	100.000	31	0	0	1	31	1	31	2.70e-11	65.5
mystery	6FA2_A	100.000	31	0	0	1	31	1	31	2.70e-11	65.1
mystery	ERE66117.1	100.000	31	0	0	1	31	13	43	2.70e-11	65.1
mystery	XP_077372675.1	100.000	31	0	0	1	31	1	31	2.72e-11	64.7
mystery	XP_080496996.1	100.000	31	0	0	1	31	1	31	2.72e-11	65.1
mystery	XP_083750329.1	100.000	31	0	0	1	31	1	31	2.73e-11	65.1
mystery	XP_060135181.1	100.000	31	0	0	1	31	1	31	2.73e-11	65.5
mystery	KAN7036120.1	100.000	31	0	0	1	31	1	31	2.74e-11	65.1
mystery	XP_055011213.1	100.000	31	0	0	1	31	1	31	2.75e-11	65.5
mystery	XP_011474153.1	100.000	31	0	0	1	31	1	31	2.75e-11	65.5
mystery	KAM6961092.1	100.000	31	0	0	1	31	1	31	2.75e-11	65.5
mystery	NWH71809.1	100.000	31	0	0	1	31	1	31	2.75e-11	65.5
mystery	XP_070610482.1	100.000	31	0	0	1	31	1	31	2.75e-11	65.5
mystery	XP_036375705.1	100.000	31	0	0	1	31	1	31	2.76e-11	65.5
mystery	XP_019486644.1	100.000	31	0	0	1	31	1	31	2.77e-11	65.5
mystery	KAN3455065.1	100.000	31	0	0	1	31	1	31	2.77e-11	65.5
mystery	XP_018083670.1	100.000	31	0	0	1	31	1	31	2.77e-11	65.5
mystery	XP_012683204.1	100.000	31	0	0	1	31	1	31	2.78e-11	65.5
mystery	XP_017278529.1	100.000	31	0	0	1	31	1	31	2.78e-11	65.5
mystery	2LCF_A	100.000	31	0	0	1	31	7	37	2.78e-11	65.1
mystery	XP_031548789.1	100.000	31	0	0	1	31	1	31	2.78e-11	65.5
mystery	5WDQ_A	100.000	31	0	0	1	31	5	35	2.79e-11	65.1
mystery	KAN4244301.1	100.000	31	0	0	1	31	1	31	2.79e-11	64.7
mystery	XP_067875995.1	100.000	31	0	0	1	31	1	31	2.81e-11	65.5
mystery	KAK2842058.1	100.000	31	0	0	1	31	1	31	2.81e-11	65.1
mystery	KAF9424527.1	100.000	31	0	0	1	31	1	31	2.81e-11	65.1
mystery	XP_015246602.1	100.000	31	0	0	1	31	1	31	2.82e-11	65.5
mystery	XP_004389430.1	100.000	31	0	0	1	31	1	31	2.82e-11	65.1
mystery	8T73_A	100.000	31	0	0	1	31	2	32	2.82e-11	65.1
mystery	XP_022824340.1	100.000	31	0	0	1	31	1	31	2.83e-11	65.5
# BLAST processed 1 queries
